0
0.950110483597 0.143801879084 0.220776212052 0.90588144608 0.933640056479 0.152028343102 0.233566496036 0.89241676942
1
0.950221851324 0.143671942647 0.220727483026 0.905264780698 0.931661346654 0.149567754723 0.233791289289 0.898273736128
2
0.953252913504 0.139788829059 0.220017625214 0.907584399568 0.926008014208 0.157275115804 0.240525267013 0.889916743756
3
0.950926830654 0.142706050384 0.219874311344 0.905734546015 0.927470051562 0.154784425326 0.237239848956 0.890225100216
4
0.950377993135 0.143334681327 0.220801075275 0.906197009403 0.932182044822 0.149746371058 0.234402009468 0.896083872957
Listing Vs Other
0
0.897002024503 0.241027574483 0.23953026414 0.844422442244 0.870632979617 0.251532532614 0.253665880848 0.832365364308
1
0.89679433538 0.240784849169 0.239037713423 0.845412541254 0.880622356772 0.248886364076 0.246432342007 0.832893347413
2
0.896959251417 0.240452539638 0.239358358149 0.847590759076 0.878096012454 0.248660881632 0.248856994487 0.832365364308
3
0.894358035267 0.243319348565 0.239377956456 0.84245264339 0.878942910983 0.253028769313 0.245284134214 0.832585159757
4
0.896327108798 0.241387561367 0.238928064027 0.846940795987 0.88483997963 0.249051723569 0.24625157408 0.83654607869
Prod Vs Other
0
0.935088414584 0.196247200658 0.233236762837 0.875673088429 0.917933560633 0.200602413563 0.248329105299 0.865071770335
1
0.934617079047 0.197003944773 0.233507659127 0.876151729089 0.919230659669 0.205403144085 0.245122787713 0.866507177033
2
0.942080110701 0.186612505215 0.229827626153 0.884900693946 0.899640413721 0.214661318444 0.259809452402 0.856869315462
3
0.935505691327 0.195676948651 0.233798006799 0.876286192869 0.918321983154 0.204824089287 0.24523044368 0.867879368119
4
0.940214963399 0.187050347076 0.231767917141 0.886216798277 0.920335644098 0.20303486047 0.247417995034 0.868836764002