Prod Vs Listing
0
0.999998379094 0.0469292005364 0.0591077507723 0.999768750482 0.991931240684 0.125999267067 0.157433321429 0.956226880395
1
0.999999656171 0.0470218682236 0.0589451876996 0.999922916827 0.99332699155 0.124670204522 0.15758449523 0.950678175092
2
0.999997954063 0.0464110231555 0.0597705199539 0.999614613843 0.990563070478 0.130118155977 0.162014814466 0.950971322849
3
0.999998576028 0.04677941761 0.0599137548805 0.999614613843 0.994230220821 0.127972838897 0.159221960685 0.951896392229
4
0.999999361526 0.0469381145769 0.0597726780834 0.999691691074 0.993441086047 0.126925161709 0.159266612584 0.95405488745
Listing Vs Other
0
0.999911159157 0.0775301968133 0.0863907229442 0.993663366337 0.929805639111 0.202924230926 0.209420995052 0.911034846885
1
0.999898278244 0.077970394403 0.0871595843457 0.993663366337 0.933322209613 0.20154717503 0.207094456099 0.911298838437
2
0.999879730112 0.0780932874994 0.0876967083228 0.993267326733 0.93719630631 0.203445779447 0.205298375214 0.907074973601
3
0.999881999334 0.0776718869062 0.0876265263953 0.99320176886 0.930104150336 0.205857706662 0.207182268242 0.913123844732
4
0.999899747701 0.0776779064664 0.0869898653218 0.993597782325 0.932692485107 0.20727123851 0.207463761765 0.905202006866
Prod Vs Other
0
0.999989831048 0.0676410766291 0.0637379722351 0.999880339835 0.977633513778 0.182169252341 0.172846770378 0.93971291866
1
0.999983502335 0.0674852299968 0.0636817088109 0.999880339835 0.98342552019 0.180771423819 0.16927363474 0.937799043062
2
1.0 0.0665222541278 0.0627864037122 1.0 0.974483242257 0.191437051221 0.180583740412 0.921014839636
3
0.999994656117 0.0678175954543 0.0635881377784 0.999880354152 0.985559502874 0.177642963296 0.165338480364 0.939684059359
4
0.999999938568 0.0675227173281 0.0631205443059 0.999880354152 0.98336868947 0.182891942108 0.167476267028 0.942077549067