0.977952451857 0.193195571978 0.1759851113 0.924058710913 0.953214558092 0.210146764826 0.197525674114 0.890909090909
0.977510803362 0.19565485607 0.174781118063 0.922569666029 0.955435697045 0.220368348933 0.199842318321 0.878468899522
0.978483099913 0.193041263817 0.174945547495 0.923420548819 0.954948225841 0.21275752424 0.196909538811 0.88995215311
0.979250384382 0.191534458244 0.172896738999 0.924909593703 0.964131554326 0.208290038605 0.188170705819 0.909090909091
0.980411433184 0.181697235106 0.173006767812 0.929376728356 0.969989711207 0.199423354817 0.187074705684 0.904306220096
0.974626235073 0.200453474975 0.177959959302 0.91586896405 0.962249554283 0.218710990656 0.190310276524 0.891866028708
0.978187708823 0.187665030352 0.175460331243 0.925547755797 0.965630718723 0.208450851738 0.189968317907 0.8995215311
0.979938365525 0.181661629626 0.173432296072 0.932362012124 0.943127234358 0.223800074101 0.211622970746 0.875478927203
0.979707034831 0.183094049687 0.174880376598 0.926938211209 0.963805376632 0.207900516961 0.194414328625 0.900383141762
0.978893215733 0.186094464369 0.174662166074 0.92342869297 0.964691245256 0.206311953236 0.190240553445 0.903256704981
